327
150
32
6
161
369
448
492
147
349
325
288
225
261
338
307
479
139
362
74
183
312
168
128
214
52
441
128
437
392
480
294
57
233
181
27
212
362
298
284
311
116
165
137
488
168
11
27
487
340
81
96
100
235
489
361
281
30
103
461
289
391
35
153
67
226
272
313
401
205
428
433
447
231
18
8
373
141
381
459
232
7
367
229
217
47
378
127
215
45
486
159
149
214
276
68
476
344
342
414
14
313
39
397
79
7
423
58
96
481
357
226
3
402
428
412
401
399
205
285
49
473
77
71
289
167
318
255
63
54
213
165
23
186
3
156
479
445
26
386
449
326
261
429
374
374
331
181
261
147
342
477
48
54
209
389
263
35
437
432
71
439
464
442
260
450
129
412
240
260
37
355
286
113
167
499
226
197
352
97
382
354
137
68
157
128
463
228
320
164
473
176
413
386
270
304
31
255
310
260
203
353
234
320
115
172
247
186
466
200
115
397
228
146
127
124
396
491
34
188
343
345
385
475
408
496
408
366
367
344
324
371
461
211
396
228
423
54
177
466
37
360
376
438
5
188
295
30
401
209
13
83
48
430
270
467
153
465
335
386
449
132
298
75
326
87
118
315
257
392
44
32
402
40
82
114
107
363
78
248
255
342
387
455
311
20
451
46
98
132
46
99
261
308
222
328
105
421
238
15
